#nyear
53
#nyear_1
45
#nyear_2
11
#nyear_4
36
#nyear_7
13
#nfleet
4

#Years
1959 1960 1961 1962 1963 1964 1965 1966 1967 1968 1969 1970 1971 1972 1973 1974 1975 1976 1977 1978 1979 1980 1981 1982 1983 1984 1985 1986 1987 1988 1989 1990 1991 1992 1993 1994 1995 1996 1997 1998 1999 2000 2001 2002 2003 2004 2005 2006 2007 2008 2009 2010 2011
#Yield
3015 8673 8893 16422 15104 23738 28309 21023 15131 24346 28063 17255 21323 30640 25888 19079 16614 18049 19963 21972 21323 19733 19427 23932 10263 8461 20777 28652 29530 21331 18890 21048 20718 24069 20168 23499 19049 19759 18842 16600 25916 27269 31826 28537 25254 21817 18123 21318 19696 18327 21655 18519 22667

#Years: fleet1
1967 1968 1969 1970 1971 1972 1973 1974 1975 1976 1977 1978 1979 1980 1981 1982 1983 1984 1985 1986 1987 1988 1989 1990 1991 1992 1993 1994 1995 1996 1997 1998 1999 2000 2001 2002 2003 2004 2005 2006 2007 2008 2009 2010 2011
#Yield: fleet1
7412 12489 21732 17255 21323 30640 25888 19079 16614 17976 19858 21837 21218 19400 18869 23363 10101 8237 20154 27913 29173 20926 18440 20461 19914 23068 19420 22576 18354 18974 18169 16113 17391 17239 15834 17321 17356 13325 10772 12359 13202 10054 9052 11105 13102
#CPUE: fleet1
2.078 2.135 2.275 1.713 1.73 1.19 1.034 1.172 1.376 1.442 1.579 1.406 1.305 1.197 0.956 0.953 0.934 1.051 0.993 0.977 0.872 0.627 0.558 0.597 0.671 0.798 0.683 0.869 0.867 0.922 0.872 0.753 0.631 0.583 0.706 0.57 0.534 0.65 0.752 0.574 0.654 0.679 0.66 0.749 0.672

#Years: fleet2
1959 1960 1961 1962 1963 1964 1965 1966 1967 1968 1969
#Yield: fleet2
3015 8673 8893 16422 15104 23738 28309 21023 7719 11857 6331
#CPUE: fleet2
1.888 1.78 1.43 1.025 0.992 0.996 0.671 0.61 0.648 0.598 0.362

#Years: fleet4
1976 1977 1978 1979 1980 1981 1982 1983 1984 1985 1986 1987 1988 1989 1990 1991 1992 1993 1994 1995 1996 1997 1998 1999 2000 2001 2002 2003 2004 2005 2006 2007 2008 2009 2010 2011
#Yield: fleet4
73 105 135 105 333 558 569 162 224 623 739 357 405 450 587 804 1001 748 923 695 785 673 487 1560 3041 5235 1142 534 703 1446 2247 1313 2633 2470 1693 1888
#CPUE: fleet4
1.22 0.781 1.421 0.58 0.852 1.761 1.396 1.105 1.143 1.902 2.212 0.906 0.649 0.808 1.111 1.286 0.707 0.608 0.878 0.563 0.614 0.813 0.793 0.834 1.435 1.477 0.95 0.996 1.067 0.818 0.438 0.332 0.691 0.839 1.039 0.936

#Years: fleet7
1999 2000 2001 2002 2003 2004 2005 2006 2007 2008 2009 2010 2011
#Yield: fleet7
6965 6989 10757 10074 7364 7789 5905 6712 5181 5640 10133 5721 7677
#CPUE: fleet7
1.217 0.97 0.564 0.455 0.317 0.229 0.145 0.561 0.706 0.531 0.671 0.589 0.371

#End of file marker
42
#!
